.Random.seed <-
c(403L, 10L, -617433348L, 1983601471L, 1599919125L, 527388460L, 
-416029694L, 1049904861L, 1194915287L, -437403458L, -1767640328L, 
-2071275301L, -1275368647L, -473997688L, -864728522L, 1002603121L, 
-1887815517L, -1561308686L, -862764732L, -378349049L, 1451714525L, 
-821116716L, -1299095558L, -1509238971L, 1673139103L, 286062886L, 
-886011472L, -2098642349L, 454667633L, -1819149152L, -1075454914L, 
-583724215L, 437133819L, 835651018L, 411650860L, 1863934767L, 
-139273755L, -1938291556L, -853839630L, 1707198829L, -1882315097L, 
1432750286L, -162249176L, -1238151637L, -162020279L, 2139682136L, 
-1812141050L, -1526198815L, -1237993613L, 1278677986L, -1919911084L, 
735434327L, -2090914227L, 2128511460L, 560716746L, 1855594037L, 
1534682255L, -690860650L, 863809856L, 364399619L, -485085663L, 
317856016L, -177694994L, 579889817L, -1008041173L, 1173909018L, 
-2120907556L, 2122782943L, 1903556277L, -1636028340L, 1063447714L, 
22551549L, 901867767L, 1898393118L, -452501288L, -1607220165L, 
-447418919L, -456025240L, 2027034262L, 1318735889L, 52228547L, 
1098202578L, 1638331492L, 940516263L, -959705859L, 2050222324L, 
1720106970L, 1066734373L, 235471423L, 1601104326L, 1293712976L, 
684700275L, -37402991L, -282804544L, -1256896354L, 309126249L, 
-2036576101L, 1888342442L, -1854576180L, 224887951L, 1380326597L, 
1445317756L, 619774162L, -23732147L, -46417657L, 860400878L, 
1893959112L, 479521483L, 505910057L, 1303327608L, 42936486L, 
1661203137L, 1962443603L, 799379458L, 2049178932L, -167004489L, 
1098336941L, -1013543996L, 675976170L, 853515349L, -598310417L, 
-1968682506L, 818384672L, -1826946845L, 1910273409L, 949933040L, 
-187983218L, -43864583L, -1999253621L, -87667782L, 237679292L, 
-469292545L, 1092253525L, 275320940L, -1410317118L, 1188704029L, 
-732142185L, 1583977726L, -1388478792L, -629284709L, -1757180167L, 
687898696L, -546417802L, -2083305807L, -791181597L, -1515653710L, 
-1643192828L, 1936151879L, 689917981L, -68634988L, -1228800454L, 
-2095148923L, 208295263L, -472842778L, 1596363888L, 1567803283L, 
952832049L, -1163370784L, 1831475070L, -1244000759L, 863331899L, 
-1635076086L, -1181423636L, 1005243503L, -1236622427L, 2107261788L, 
1586523954L, 1070259757L, -2110122777L, -1865116146L, 1744079848L, 
-2003864085L, 292363913L, 1532120600L, -168999610L, 1750479777L, 
-1374486989L, 201585570L, 675284628L, -113441513L, -1094597875L, 
1000010276L, 970209802L, 88818549L, 1854179023L, 767363542L, 
1481139584L, 584572355L, -464290975L, -412982832L, 174520622L, 
-745717543L, 2138446571L, -1551825062L, -1392541412L, 1402112031L, 
1355043957L, 489246988L, 789953762L, -531212867L, 1408426551L, 
-1195904802L, 1613577240L, 1810965371L, 1528943385L, -2025984088L, 
487485270L, -1686906927L, -1440742525L, -1071454702L, -1127382620L, 
2121676135L, -2087142723L, 205765172L, 561234330L, -1745510939L, 
1826093439L, 998560006L, 1354672784L, 1255177011L, 1637810385L, 
-35286400L, 1450656606L, -1510281047L, -2093935781L, 687841642L, 
1533133836L, 241214543L, -465562363L, -1696594572L, -211009528L, 
526590906L, -1407466032L, -1448984596L, -914700908L, 1974763986L, 
747067744L, -720200884L, 1017225504L, -671611006L, 357138152L, 
-528062228L, -660879300L, -1735676046L, 1929760368L, -1323865052L, 
385638200L, 915500186L, 1300681424L, -1011724100L, 1327345300L, 
201469570L, -2033966912L, -1248516292L, 418648208L, 1812442658L, 
639609864L, -1640329972L, 202910876L, 661631506L, -951520384L, 
2054149652L, -1278317016L, -116040390L, 1471352272L, -308221844L, 
-1453439692L, -1149572462L, -483029152L, -216404148L, 1964328928L, 
-105677918L, -245900376L, -1155696244L, 986086588L, -263544462L, 
-388232976L, -2025326524L, -778656424L, -483210694L, -691613840L, 
1153117244L, -1418288364L, 1579861442L, 732753632L, 1984588668L, 
-1668468016L, -1877537630L, -2099847128L, -680003316L, -534393924L, 
-509534926L, -1218641472L, -1409164748L, -1073319992L, 20405434L, 
895971728L, 827998700L, -1456662956L, 1946637458L, -786701536L, 
-766926388L, 1942607328L, -1842854206L, 326715432L, 1741452972L, 
-2115837764L, 724852210L, -33755856L, 454837412L, -1841374536L, 
-242001574L, -412923504L, 1672382332L, -2111411948L, 1888952130L, 
-1879068928L, 2063508412L, -769936560L, -1559912670L, 855860552L, 
-1881756148L, -482125732L, -1454665518L, -313209344L, -1607298732L, 
-2101936664L, 1998289914L, -563766064L, 264509740L, 38332148L, 
-503874158L, -792076192L, 776156428L, -1510483232L, 1924185442L, 
-1005362520L, 869968460L, -1509755524L, 1568856370L, -1319146384L, 
230312772L, 1707721176L, 2034308218L, 2142234160L, 102646460L, 
-1841966252L, -34262974L, 1651042720L, 642922172L, 603798992L, 
250961250L, -226875416L, -860672052L, 1802855164L, -1119603214L, 
1775783040L, 2101860596L, 1514429064L, 1431948090L, -1369495728L, 
-903046548L, -1408649068L, -1702362798L, -896100640L, -1693317428L, 
115345568L, -1337735294L, -126277912L, -2007191828L, 1922306108L, 
-1378376078L, 1207055472L, -1074902492L, -166471624L, 891310106L, 
865756880L, -1606206404L, 914590868L, 1981417602L, 1682190272L, 
136182076L, -938142064L, 130875426L, 1964914696L, 1355009164L, 
1018221596L, 2054367890L, 1595601024L, -1763421164L, -927348440L, 
-1089795526L, -1941826352L, 1825281132L, -1677164876L, -455931886L, 
365266912L, 1226019788L, 1928064480L, 367976994L, -865338072L, 
-1416653556L, -660599236L, -1252589326L, -1229549840L, 1740328772L, 
956046936L, -1140524486L, -677388560L, 822751420L, -146005484L, 
1972675778L, -1425583008L, 2113379708L, -930856752L, -881789918L, 
594136744L, 1235592076L, 53362108L, 2058791986L, 1644021568L, 
-96316236L, -450910392L, 1718057658L, -50716912L, 1573637356L, 
243307604L, 1776553746L, 2050262944L, 262058956L, -770546848L, 
332371138L, 375780904L, 933139884L, 1873464124L, -1460144270L, 
1786394416L, -1298639324L, -917400520L, -1299336998L, -57899632L, 
132213500L, 259015572L, 2002323266L, -265564672L, 1957819964L, 
-680183216L, 1741858466L, 1089995592L, 1321628172L, 172353756L, 
-830723502L, -1171115904L, 195103572L, -751987224L, -1863033094L, 
735280024L, -50561866L, -2143299261L, -1888350075L, 541108514L, 
-587589104L, -810778183L, 848065131L, 1194732892L, 1237900426L, 
276165759L, 1829469641L, 1403582046L, -2016938740L, 145453277L, 
1635761639L, 1604052496L, 808516398L, -170696741L, 343810237L, 
2041334314L, 621295304L, -1318505487L, -409701021L, 1003310436L, 
967536786L, -1001462425L, 1630043953L, 932525174L, 1996328340L, 
-1972348507L, -2037779793L, -693423256L, -1185738938L, 1064990451L, 
1415501909L, 2054743090L, -1704640000L, 782512873L, -258791077L, 
1930314668L, 999104442L, 1684969839L, -1220021511L, 1951333262L, 
29099612L, 2104743117L, -1868727241L, 173070016L, -2027859554L, 
1203333739L, -1398853139L, -685227942L, -288878824L, -212200319L, 
1767600691L, -1085239212L, -990587806L, 2014935799L, -472226495L, 
1363764166L, -927104764L, 819888309L, -179810401L, 2069954552L, 
-1137200682L, -2106881949L, 935959589L, -578192446L, -1193078608L, 
-1841890087L, -1902683573L, 700774588L, 671112938L, 207433503L, 
800534441L, -355489474L, -1862373332L, -2047082883L, -464854841L, 
-513716816L, -1950464050L, 2045312251L, -1042453667L, -1435144054L, 
-1194262872L, -1116233199L, -1678716157L, -163355132L, -1665698254L, 
1909401223L, 1028926161L, 1817222230L, -2146986956L, 2024003397L, 
-1834353265L, 903195912L, -791720154L, -2109378605L, -1831042763L, 
-496355182L, 1919760480L, 566955465L, -851409669L, -1292375348L, 
-1117860006L, -1065166257L, -1222910183L, -1484719826L, -1565750468L, 
-1628557139L, -444902569L, -472877408L, 228286462L, -98617653L, 
1889450189L, -1806820358L, -1852012488L, 1196634593L, 17504915L, 
-489893708L, 157204930L, -1563285033L, -1159850463L, 1719111142L, 
19023076L, 513555477L, 35454015L, -562736168L, 1273267702L, -1527044605L, 
-79216315L, 350872930L, -282642736L, 1950732793L, -973197013L, 
